0
27
228
229
234
237
262
263
264
265
266
295
297
298
311
312
314
319
320
321
353
377
378
379
380
381
382
383
384
385
396
397
398
399
400
401
402
403
404
405
418
420
462
463
464
480
482
483
484
485
486
487
488
493
497
498
499
501
502
503
504
508
509
516
547
548
558
567
568
569
573
574
575
577
632
652
736
773
846
856
868
872
882
884
885
886
1412
1419
1436
1437
1438
1468
1469
1470
1471
1472
1473
1497
1521
1522
1523
1524
1549
1551
1552
1553
1554
1555
1557
1583
1605
1608
1609
1612
1667
1668
1688
1689
1690
1692
1752